118
40.000000 0.000000 -0.000000 0.000000 0.000000
40.000000 0.000000 10.000000 65535 0.000000
50.000000 0.000000 10.000000 65535 65535
50.000000 0.000000 0.000000 0.000000 65535
texture1.bmp
40.000000 0.000000 10.000000 0.000000 0.000000
40.000000 0.000000 20.000000 65535 0.000000
50.000000 0.000000 20.000000 65535 65535
50.000000 0.000000 10.000000 0.000000 65535
texture1.bmp
40.000000 0.000000 20.000000 0.000000 0.000000
40.000000 0.000000 30.000000 65535 0.000000
50.000000 0.000000 30.000000 65535 65535
50.000000 0.000000 20.000000 0.000000 65535
texture1.bmp
40.000000 0.000000 30.000000 0.000000 0.000000
40.000000 0.000000 40.000000 65535 0.000000
50.000000 0.000000 40.000000 65535 65535
50.000000 0.000000 30.000000 0.000000 65535
texture1.bmp
30.000000 0.000000 30.000000 0.000000 0.000000
30.000000 0.000000 40.000000 65535 0.000000
40.000000 0.000000 40.000000 65535 65535
40.000000 0.000000 30.000000 0.000000 65535
texture1.bmp
30.000000 0.000000 20.000000 0.000000 0.000000
30.000000 0.000000 30.000000 65535 0.000000
40.000000 0.000000 30.000000 65535 65535
40.000000 0.000000 20.000000 0.000000 65535
texture1.bmp
30.000000 0.000000 10.000000 0.000000 0.000000
30.000000 0.000000 20.000000 65535 0.000000
40.000000 0.000000 20.000000 65535 65535
40.000000 0.000000 10.000000 0.000000 65535
texture1.bmp
30.000000 0.000000 -0.000000 0.000000 0.000000
30.000000 0.000000 10.000000 65535 0.000000
40.000000 0.000000 10.000000 65535 65535
40.000000 0.000000 -0.000000 0.000000 65535
texture1.bmp
20.000000 0.000000 -0.000000 0.000000 0.000000
20.000000 0.000000 10.000000 65535 0.000000
30.000000 0.000000 10.000000 65535 65535
30.000000 0.000000 -0.000000 0.000000 65535
texture1.bmp
20.000000 0.000000 10.000000 0.000000 0.000000
20.000000 0.000000 20.000000 65535 0.000000
30.000000 0.000000 20.000000 65535 65535
30.000000 0.000000 10.000000 0.000000 65535
texture1.bmp
20.000000 0.000000 20.000000 0.000000 0.000000
20.000000 0.000000 30.000000 65535 0.000000
30.000000 0.000000 30.000000 65535 65535
30.000000 0.000000 20.000000 0.000000 65535
texture1.bmp
20.000000 0.000000 30.000000 0.000000 0.000000
20.000000 0.000000 40.000000 65535 0.000000
30.000000 0.000000 40.000000 65535 65535
30.000000 0.000000 30.000000 0.000000 65535
texture1.bmp
10.000000 0.000000 30.000000 0.000000 0.000000
10.000000 0.000000 40.000000 65535 0.000000
20.000000 0.000000 40.000000 65535 65535
20.000000 0.000000 30.000000 0.000000 65535
texture1.bmp
10.000000 0.000000 20.000000 0.000000 0.000000
10.000000 0.000000 30.000000 65535 0.000000
20.000000 0.000000 30.000000 65535 65535
20.000000 0.000000 20.000000 0.000000 65535
texture1.bmp
10.000000 0.000000 10.000000 0.000000 0.000000
10.000000 0.000000 20.000000 65535 0.000000
20.000000 0.000000 20.000000 65535 65535
20.000000 0.000000 10.000000 0.000000 65535
texture1.bmp
10.000000 0.000000 -0.000000 0.000000 0.000000
10.000000 0.000000 10.000000 65535 0.000000
20.000000 0.000000 10.000000 65535 65535
20.000000 0.000000 -0.000000 0.000000 65535
texture1.bmp
0.000000 0.000000 -0.000000 0.000000 0.000000
0.000000 0.000000 10.000000 65535 0.000000
10.000000 0.000000 10.000000 65535 65535
10.000000 0.000000 -0.000000 0.000000 65535
texture1.bmp
0.000000 0.000000 10.000000 0.000000 0.000000
0.000000 0.000000 20.000000 65535 0.000000
10.000000 0.000000 20.000000 65535 65535
10.000000 0.000000 10.000000 0.000000 65535
texture1.bmp
0.000000 0.000000 20.000000 0.000000 0.000000
0.000000 0.000000 30.000000 65535 0.000000
10.000000 0.000000 30.000000 65535 65535
10.000000 0.000000 20.000000 0.000000 65535
texture1.bmp
0.000000 0.000000 30.000000 0.000000 0.000000
0.000000 0.000000 40.000000 65535 0.000000
10.000000 0.000000 40.000000 65535 65535
10.000000 0.000000 30.000000 0.000000 65535
texture1.bmp
30.000000 0.000000 40.000000 0.000000 0.000000
30.000000 0.000000 50.000000 65535 0.000000
40.000000 0.000000 50.000000 65535 65535
40.000000 0.000000 40.000000 0.000000 65535
texture1.bmp
20.000000 0.000000 40.000000 0.000000 0.000000
20.000000 0.000000 50.000000 65535 0.000000
30.000000 0.000000 50.000000 65535 65535
30.000000 0.000000 40.000000 0.000000 65535
texture1.bmp
10.000000 0.000000 40.000000 0.000000 0.000000
10.000000 0.000000 50.000000 65535 0.000000
20.000000 0.000000 50.000000 65535 65535
20.000000 0.000000 40.000000 0.000000 65535
texture1.bmp
30.000000 0.000000 50.000000 0.000000 0.000000
30.000000 0.000000 60.000000 65535 0.000000
40.000000 0.000000 60.000000 65535 65535
40.000000 0.000000 50.000000 0.000000 65535
texture1.bmp
40.000000 0.000000 50.000000 0.000000 0.000000
40.000000 0.000000 60.000000 65535 0.000000
50.000000 0.000000 60.000000 65535 65535
50.000000 0.000000 50.000000 0.000000 65535
texture1.bmp
20.000000 0.000000 50.000000 0.000000 0.000000
20.000000 0.000000 60.000000 65535 0.000000
30.000000 0.000000 60.000000 65535 65535
30.000000 0.000000 50.000000 0.000000 65535
texture1.bmp
10.000000 0.000000 50.000000 0.000000 0.000000
10.000000 0.000000 60.000000 65535 0.000000
20.000000 0.000000 60.000000 65535 65535
20.000000 0.000000 50.000000 0.000000 65535
texture1.bmp
0.000000 0.000000 50.000000 0.000000 0.000000
0.000000 0.000000 60.000000 65535 0.000000
10.000000 0.000000 60.000000 65535 65535
10.000000 0.000000 50.000000 0.000000 65535
texture1.bmp
0.000000 0.000000 60.000000 0.000000 0.000000
0.000000 0.000000 70.000000 65535 0.000000
10.000000 0.000000 70.000000 65535 65535
10.000000 0.000000 60.000000 0.000000 65535
texture1.bmp
10.000000 0.000000 60.000000 0.000000 0.000000
10.000000 0.000000 70.000000 65535 0.000000
20.000000 0.000000 70.000000 65535 65535
20.000000 0.000000 60.000000 0.000000 65535
texture1.bmp
20.000000 0.000000 60.000000 0.000000 0.000000
20.000000 0.000000 70.000000 65535 0.000000
30.000000 0.000000 70.000000 65535 65535
30.000000 0.000000 60.000000 0.000000 65535
texture1.bmp
30.000000 0.000000 60.000000 0.000000 0.000000
30.000000 0.000000 70.000000 65535 0.000000
40.000000 0.000000 70.000000 65535 65535
40.000000 0.000000 60.000000 0.000000 65535
texture1.bmp
40.000000 0.000000 60.000000 0.000000 0.000000
40.000000 0.000000 70.000000 65535 0.000000
50.000000 0.000000 70.000000 65535 65535
50.000000 0.000000 60.000000 0.000000 65535
texture1.bmp
40.000000 0.000000 70.000000 0.000000 0.000000
40.000000 0.000000 80.000000 65535 0.000000
50.000000 0.000000 80.000000 65535 65535
50.000000 0.000000 70.000000 0.000000 65535
texture1.bmp
30.000000 0.000000 70.000000 0.000000 0.000000
30.000000 0.000000 80.000000 65535 0.000000
40.000000 0.000000 80.000000 65535 65535
40.000000 0.000000 70.000000 0.000000 65535
texture1.bmp
20.000000 0.000000 70.000000 0.000000 0.000000
20.000000 0.000000 80.000000 65535 0.000000
30.000000 0.000000 80.000000 65535 65535
30.000000 0.000000 70.000000 0.000000 65535
texture1.bmp
10.000000 0.000000 70.000000 0.000000 0.000000
10.000000 0.000000 80.000000 65535 0.000000
20.000000 0.000000 80.000000 65535 65535
20.000000 0.000000 70.000000 0.000000 65535
texture1.bmp
0.000000 0.000000 70.000000 0.000000 0.000000
0.000000 0.000000 80.000000 65535 0.000000
10.000000 0.000000 80.000000 65535 65535
10.000000 0.000000 70.000000 0.000000 65535
texture1.bmp
0.000000 0.000000 80.000000 0.000000 0.000000
0.000000 0.000000 90.000000 65535 0.000000
10.000000 0.000000 90.000000 65535 65535
10.000000 0.000000 80.000000 0.000000 65535
texture1.bmp
10.000000 0.000000 80.000000 0.000000 0.000000
10.000000 0.000000 90.000000 65535 0.000000
20.000000 0.000000 90.000000 65535 65535
20.000000 0.000000 80.000000 0.000000 65535
texture1.bmp
20.000000 0.000000 80.000000 0.000000 0.000000
20.000000 0.000000 90.000000 65535 0.000000
30.000000 0.000000 90.000000 65535 65535
30.000000 0.000000 80.000000 0.000000 65535
texture1.bmp
30.000000 0.000000 80.000000 0.000000 0.000000
30.000000 0.000000 90.000000 65535 0.000000
40.000000 0.000000 90.000000 65535 65535
40.000000 0.000000 80.000000 0.000000 65535
texture1.bmp
40.000000 0.000000 80.000000 0.000000 0.000000
40.000000 0.000000 90.000000 65535 0.000000
50.000000 0.000000 90.000000 65535 65535
50.000000 0.000000 80.000000 0.000000 65535
texture1.bmp
0.000000 10.000000 -0.000000 0.000000 0.000000
0.000000 10.000000 10.000000 65535 0.000000
0.000000 0.000000 10.000000 65535 65535
0.000000 0.000000 -0.000000 0.000000 65535
texture2.bmp
0.000000 10.000000 10.000000 0.000000 0.000000
0.000000 10.000000 20.000000 65535 0.000000
0.000000 0.000000 20.000000 65535 65535
0.000000 0.000000 10.000000 0.000000 65535
texture2.bmp
0.000000 10.000000 20.000000 0.000000 0.000000
0.000000 10.000000 30.000000 65535 0.000000
0.000000 0.000000 30.000000 65535 65535
0.000000 0.000000 20.000000 0.000000 65535
texture2.bmp
0.000000 10.000000 30.000000 0.000000 0.000000
0.000000 10.000000 40.000000 65535 0.000000
0.000000 0.000000 40.000000 65535 65535
0.000000 0.000000 30.000000 0.000000 65535
texture2.bmp
0.000000 10.000000 40.000000 0.000000 0.000000
10.000000 10.000000 40.000000 65535 0.000000
10.000000 0.000000 40.000000 65535 65535
0.000000 0.000000 40.000000 0.000000 65535
texture2.bmp
10.000000 10.000000 40.000000 0.000000 0.000000
10.000000 10.000000 50.000000 65535 0.000000
10.000000 0.000000 50.000000 65535 65535
10.000000 0.000000 40.000000 0.000000 65535
texture2.bmp
10.000000 10.000000 50.000000 0.000000 0.000000
0.000000 10.000000 50.000000 65535 0.000000
0.000000 0.000000 50.000000 65535 65535
10.000000 0.000000 50.000000 0.000000 65535
texture2.bmp
0.000000 10.000000 50.000000 0.000000 0.000000
0.000000 10.000000 60.000000 65535 0.000000
0.000000 0.000000 60.000000 65535 65535
0.000000 0.000000 50.000000 0.000000 65535
texture2.bmp
0.000000 10.000000 60.000000 0.000000 0.000000
0.000000 10.000000 70.000000 65535 0.000000
0.000000 0.000000 70.000000 65535 65535
0.000000 0.000000 60.000000 0.000000 65535
texture2.bmp
0.000000 10.000000 70.000000 0.000000 0.000000
0.000000 10.000000 80.000000 65535 0.000000
0.000000 0.000000 80.000000 65535 65535
0.000000 0.000000 70.000000 0.000000 65535
texture2.bmp
0.000000 10.000000 80.000000 0.000000 0.000000
0.000000 10.000000 90.000000 65535 0.000000
0.000000 0.000000 90.000000 65535 65535
0.000000 0.000000 80.000000 0.000000 65535
texture2.bmp
0.000000 10.000000 90.000000 0.000000 0.000000
10.000000 10.000000 90.000000 65535 0.000000
10.000000 0.000000 90.000000 65535 65535
0.000000 0.000000 90.000000 0.000000 65535
texture2.bmp
10.000000 10.000000 90.000000 0.000000 0.000000
20.000000 10.000000 90.000000 65535 0.000000
20.000000 0.000000 90.000000 65535 65535
10.000000 0.000000 90.000000 0.000000 65535
texture2.bmp
20.000000 10.000000 90.000000 0.000000 0.000000
30.000000 10.000000 90.000000 65535 0.000000
30.000000 0.000000 90.000000 65535 65535
20.000000 0.000000 90.000000 0.000000 65535
texture2.bmp
30.000000 10.000000 90.000000 0.000000 0.000000
40.000000 10.000000 90.000000 65535 0.000000
40.000000 0.000000 90.000000 65535 65535
30.000000 0.000000 90.000000 0.000000 65535
texture2.bmp
40.000000 10.000000 90.000000 0.000000 0.000000
50.000000 10.000000 90.000000 65535 0.000000
50.000000 0.000000 90.000000 65535 65535
40.000000 0.000000 90.000000 0.000000 65535
texture2.bmp
40.000000 10.000000 50.000000 0.000000 0.000000
40.000000 10.000000 40.000000 65535 0.000000
40.000000 0.000000 40.000000 65535 65535
40.000000 0.000000 50.000000 0.000000 65535
texture2.bmp
50.000000 10.000000 40.000000 0.000000 0.000000
50.000000 10.000000 30.000000 65535 0.000000
50.000000 0.000000 30.000000 65535 65535
50.000000 0.000000 40.000000 0.000000 65535
texture2.bmp
50.000000 10.000000 60.000000 0.000000 0.000000
50.000000 10.000000 50.000000 65535 0.000000
50.000000 0.000000 50.000000 65535 65535
50.000000 0.000000 60.000000 0.000000 65535
texture2.bmp
50.000000 10.000000 30.000000 0.000000 0.000000
50.000000 10.000000 20.000000 65535 0.000000
50.000000 0.000000 20.000000 65535 65535
50.000000 0.000000 30.000000 0.000000 65535
texture2.bmp
50.000000 10.000000 20.000000 0.000000 0.000000
50.000000 10.000000 10.000000 65535 0.000000
50.000000 0.000000 10.000000 65535 65535
50.000000 0.000000 20.000000 0.000000 65535
texture2.bmp
50.000000 10.000000 10.000000 0.000000 0.000000
50.000000 10.000000 0.000000 65535 0.000000
50.000000 0.000000 0.000000 65535 65535
50.000000 0.000000 10.000000 0.000000 65535
texture2.bmp
50.000000 10.000000 70.000000 0.000000 0.000000
50.000000 10.000000 60.000000 65535 0.000000
50.000000 0.000000 60.000000 65535 65535
50.000000 0.000000 70.000000 0.000000 65535
texture2.bmp
50.000000 10.000000 80.000000 0.000000 0.000000
50.000000 10.000000 70.000000 65535 0.000000
50.000000 0.000000 70.000000 65535 65535
50.000000 0.000000 80.000000 0.000000 65535
texture2.bmp
50.000000 10.000000 90.000000 0.000000 0.000000
50.000000 10.000000 80.000000 65535 0.000000
50.000000 0.000000 80.000000 65535 65535
50.000000 0.000000 90.000000 0.000000 65535
texture2.bmp
40.000000 10.000000 40.000000 0.000000 0.000000
50.000000 10.000000 40.000000 65535 0.000000
50.000000 0.000000 40.000000 65535 65535
40.000000 0.000000 40.000000 0.000000 65535
texture2.bmp
50.000000 10.000000 50.000000 0.000000 0.000000
40.000000 10.000000 50.000000 65535 0.000000
40.000000 0.000000 50.000000 65535 65535
50.000000 0.000000 50.000000 0.000000 65535
texture2.bmp
50.000000 10.000000 0.000000 0.000000 0.000000
40.000000 10.000000 -0.000000 65535 0.000000
40.000000 0.000000 -0.000000 65535 65535
50.000000 0.000000 0.000000 0.000000 65535
texture2.bmp
40.000000 10.000000 -0.000000 0.000000 0.000000
30.000000 10.000000 -0.000000 65535 0.000000
30.000000 0.000000 -0.000000 65535 65535
40.000000 0.000000 -0.000000 0.000000 65535
texture2.bmp
30.000000 10.000000 -0.000000 0.000000 0.000000
20.000000 10.000000 -0.000000 65535 0.000000
20.000000 0.000000 -0.000000 65535 65535
30.000000 0.000000 -0.000000 0.000000 65535
texture2.bmp
20.000000 10.000000 -0.000000 0.000000 0.000000
10.000000 10.000000 -0.000000 65535 0.000000
10.000000 0.000000 -0.000000 65535 65535
20.000000 0.000000 -0.000000 0.000000 65535
texture2.bmp
10.000000 10.000000 -0.000000 0.000000 0.000000
0.000000 10.000000 -0.000000 65535 0.000000
0.000000 0.000000 -0.000000 65535 65535
10.000000 0.000000 -0.000000 0.000000 65535
texture2.bmp
0.000000 10.000000 10.000000 0.000000 0.000000
0.000000 10.000000 -0.000000 65535 0.000000
10.000000 10.000000 -0.000000 65535 65535
10.000000 10.000000 10.000000 0.000000 65535
texture3.bmp
10.000000 10.000000 10.000000 0.000000 0.000000
10.000000 10.000000 -0.000000 65535 0.000000
20.000000 10.000000 -0.000000 65535 65535
20.000000 10.000000 10.000000 0.000000 65535
texture3.bmp
20.000000 10.000000 10.000000 0.000000 0.000000
20.000000 10.000000 -0.000000 65535 0.000000
30.000000 10.000000 -0.000000 65535 65535
30.000000 10.000000 10.000000 0.000000 65535
texture3.bmp
30.000000 10.000000 10.000000 0.000000 0.000000
30.000000 10.000000 -0.000000 65535 0.000000
40.000000 10.000000 -0.000000 65535 65535
40.000000 10.000000 10.000000 0.000000 65535
texture3.bmp
40.000000 10.000000 10.000000 0.000000 0.000000
40.000000 10.000000 -0.000000 65535 0.000000
50.000000 10.000000 0.000000 65535 65535
50.000000 10.000000 10.000000 0.000000 65535
texture3.bmp
40.000000 10.000000 20.000000 0.000000 0.000000
40.000000 10.000000 10.000000 65535 0.000000
50.000000 10.000000 10.000000 65535 65535
50.000000 10.000000 20.000000 0.000000 65535
texture3.bmp
30.000000 10.000000 20.000000 0.000000 0.000000
30.000000 10.000000 10.000000 65535 0.000000
40.000000 10.000000 10.000000 65535 65535
40.000000 10.000000 20.000000 0.000000 65535
texture3.bmp
20.000000 10.000000 20.000000 0.000000 0.000000
20.000000 10.000000 10.000000 65535 0.000000
30.000000 10.000000 10.000000 65535 65535
30.000000 10.000000 20.000000 0.000000 65535
texture3.bmp
10.000000 10.000000 20.000000 0.000000 0.000000
10.000000 10.000000 10.000000 65535 0.000000
20.000000 10.000000 10.000000 65535 65535
20.000000 10.000000 20.000000 0.000000 65535
texture3.bmp
0.000000 10.000000 20.000000 0.000000 0.000000
0.000000 10.000000 10.000000 65535 0.000000
10.000000 10.000000 10.000000 65535 65535
10.000000 10.000000 20.000000 0.000000 65535
texture3.bmp
0.000000 10.000000 30.000000 0.000000 0.000000
0.000000 10.000000 20.000000 65535 0.000000
10.000000 10.000000 20.000000 65535 65535
10.000000 10.000000 30.000000 0.000000 65535
texture3.bmp
10.000000 10.000000 30.000000 0.000000 0.000000
10.000000 10.000000 20.000000 65535 0.000000
20.000000 10.000000 20.000000 65535 65535
20.000000 10.000000 30.000000 0.000000 65535
texture3.bmp
20.000000 10.000000 30.000000 0.000000 0.000000
20.000000 10.000000 20.000000 65535 0.000000
30.000000 10.000000 20.000000 65535 65535
30.000000 10.000000 30.000000 0.000000 65535
texture3.bmp
30.000000 10.000000 30.000000 0.000000 0.000000
30.000000 10.000000 20.000000 65535 0.000000
40.000000 10.000000 20.000000 65535 65535
40.000000 10.000000 30.000000 0.000000 65535
texture3.bmp
40.000000 10.000000 30.000000 0.000000 0.000000
40.000000 10.000000 20.000000 65535 0.000000
50.000000 10.000000 20.000000 65535 65535
50.000000 10.000000 30.000000 0.000000 65535
texture3.bmp
40.000000 10.000000 40.000000 0.000000 0.000000
40.000000 10.000000 30.000000 65535 0.000000
50.000000 10.000000 30.000000 65535 65535
50.000000 10.000000 40.000000 0.000000 65535
texture3.bmp
30.000000 10.000000 40.000000 0.000000 0.000000
30.000000 10.000000 30.000000 65535 0.000000
40.000000 10.000000 30.000000 65535 65535
40.000000 10.000000 40.000000 0.000000 65535
texture3.bmp
20.000000 10.000000 40.000000 0.000000 0.000000
20.000000 10.000000 30.000000 65535 0.000000
30.000000 10.000000 30.000000 65535 65535
30.000000 10.000000 40.000000 0.000000 65535
texture3.bmp
10.000000 10.000000 40.000000 0.000000 0.000000
10.000000 10.000000 30.000000 65535 0.000000
20.000000 10.000000 30.000000 65535 65535
20.000000 10.000000 40.000000 0.000000 65535
texture3.bmp
0.000000 10.000000 40.000000 0.000000 0.000000
0.000000 10.000000 30.000000 65535 0.000000
10.000000 10.000000 30.000000 65535 65535
10.000000 10.000000 40.000000 0.000000 65535
texture3.bmp
10.000000 10.000000 50.000000 0.000000 0.000000
10.000000 10.000000 40.000000 65535 0.000000
20.000000 10.000000 40.000000 65535 65535
20.000000 10.000000 50.000000 0.000000 65535
texture3.bmp
20.000000 10.000000 50.000000 0.000000 0.000000
20.000000 10.000000 40.000000 65535 0.000000
30.000000 10.000000 40.000000 65535 65535
30.000000 10.000000 50.000000 0.000000 65535
texture3.bmp
30.000000 10.000000 50.000000 0.000000 0.000000
30.000000 10.000000 40.000000 65535 0.000000
40.000000 10.000000 40.000000 65535 65535
40.000000 10.000000 50.000000 0.000000 65535
texture3.bmp
30.000000 10.000000 60.000000 0.000000 0.000000
30.000000 10.000000 50.000000 65535 0.000000
40.000000 10.000000 50.000000 65535 65535
40.000000 10.000000 60.000000 0.000000 65535
texture3.bmp
40.000000 10.000000 60.000000 0.000000 0.000000
40.000000 10.000000 50.000000 65535 0.000000
50.000000 10.000000 50.000000 65535 65535
50.000000 10.000000 60.000000 0.000000 65535
texture3.bmp
20.000000 10.000000 60.000000 0.000000 0.000000
20.000000 10.000000 50.000000 65535 0.000000
30.000000 10.000000 50.000000 65535 65535
30.000000 10.000000 60.000000 0.000000 65535
texture3.bmp
10.000000 10.000000 60.000000 0.000000 0.000000
10.000000 10.000000 50.000000 65535 0.000000
20.000000 10.000000 50.000000 65535 65535
20.000000 10.000000 60.000000 0.000000 65535
texture3.bmp
0.000000 10.000000 60.000000 0.000000 0.000000
0.000000 10.000000 50.000000 65535 0.000000
10.000000 10.000000 50.000000 65535 65535
10.000000 10.000000 60.000000 0.000000 65535
texture3.bmp
0.000000 10.000000 70.000000 0.000000 0.000000
0.000000 10.000000 60.000000 65535 0.000000
10.000000 10.000000 60.000000 65535 65535
10.000000 10.000000 70.000000 0.000000 65535
texture3.bmp
10.000000 10.000000 70.000000 0.000000 0.000000
10.000000 10.000000 60.000000 65535 0.000000
20.000000 10.000000 60.000000 65535 65535
20.000000 10.000000 70.000000 0.000000 65535
texture3.bmp
20.000000 10.000000 70.000000 0.000000 0.000000
20.000000 10.000000 60.000000 65535 0.000000
30.000000 10.000000 60.000000 65535 65535
30.000000 10.000000 70.000000 0.000000 65535
texture3.bmp
30.000000 10.000000 70.000000 0.000000 0.000000
30.000000 10.000000 60.000000 65535 0.000000
40.000000 10.000000 60.000000 65535 65535
40.000000 10.000000 70.000000 0.000000 65535
texture3.bmp
40.000000 10.000000 70.000000 0.000000 0.000000
40.000000 10.000000 60.000000 65535 0.000000
50.000000 10.000000 60.000000 65535 65535
50.000000 10.000000 70.000000 0.000000 65535
texture3.bmp
40.000000 10.000000 80.000000 0.000000 0.000000
40.000000 10.000000 70.000000 65535 0.000000
50.000000 10.000000 70.000000 65535 65535
50.000000 10.000000 80.000000 0.000000 65535
texture3.bmp
30.000000 10.000000 80.000000 0.000000 0.000000
30.000000 10.000000 70.000000 65535 0.000000
40.000000 10.000000 70.000000 65535 65535
40.000000 10.000000 80.000000 0.000000 65535
texture3.bmp
20.000000 10.000000 80.000000 0.000000 0.000000
20.000000 10.000000 70.000000 65535 0.000000
30.000000 10.000000 70.000000 65535 65535
30.000000 10.000000 80.000000 0.000000 65535
texture3.bmp
10.000000 10.000000 80.000000 0.000000 0.000000
10.000000 10.000000 70.000000 65535 0.000000
20.000000 10.000000 70.000000 65535 65535
20.000000 10.000000 80.000000 0.000000 65535
texture3.bmp
0.000000 10.000000 80.000000 0.000000 0.000000
0.000000 10.000000 70.000000 65535 0.000000
10.000000 10.000000 70.000000 65535 65535
10.000000 10.000000 80.000000 0.000000 65535
texture3.bmp
40.000000 10.000000 90.000000 0.000000 0.000000
40.000000 10.000000 80.000000 65535 0.000000
50.000000 10.000000 80.000000 65535 65535
50.000000 10.000000 90.000000 0.000000 65535
texture3.bmp
30.000000 10.000000 90.000000 0.000000 0.000000
30.000000 10.000000 80.000000 65535 0.000000
40.000000 10.000000 80.000000 65535 65535
40.000000 10.000000 90.000000 0.000000 65535
texture3.bmp
20.000000 10.000000 90.000000 0.000000 0.000000
20.000000 10.000000 80.000000 65535 0.000000
30.000000 10.000000 80.000000 65535 65535
30.000000 10.000000 90.000000 0.000000 65535
texture3.bmp
10.000000 10.000000 90.000000 0.000000 0.000000
10.000000 10.000000 80.000000 65535 0.000000
20.000000 10.000000 80.000000 65535 65535
20.000000 10.000000 90.000000 0.000000 65535
texture3.bmp
0.000000 10.000000 90.000000 0.000000 0.000000
0.000000 10.000000 80.000000 65535 0.000000
10.000000 10.000000 80.000000 65535 65535
10.000000 10.000000 90.000000 0.000000 65535
texture3.bmp
